INSTÂNCIA: kroA100 (100 cidades)
============================================================

--- GA ---
  Melhor   : 64085.8823
  Pior     : 76860.8014
  Média    : 71724.4302
  Desvio   : 3426.6636
  Tempo méd: 4.6049 seg
  Melhor rota: [32, 38, 51, 75, 94, 81, 1, 43, 39, 4, 95, 84, 63, 92, 90, 57, 80, 2, 28, 67, 74, 18, 65, 30, 91, 58, 27, 59, 56, 61, 22, 71, 5, 48, 73, 89, 93, 15, 64, 55, 96, 79, 7, 3, 69, 21, 87, 17, 10, 16, 14, 31, 44, 78, 52, 37, 98, 23, 83, 62, 88, 41, 66, 68, 53, 25, 46, 97, 76, 50, 26, 45, 70, 9, 20, 35, 0, 24, 86, 60, 8, 6, 85, 42, 54, 11, 34, 82, 19, 33, 29, 47, 99, 49, 72, 13, 40, 77, 36, 12]

--- PSO ---
  Melhor   : 82264.7342
  Pior     : 117702.7528
  Média    : 97062.5850
  Desvio   : 10505.6657
  Tempo méd: 9.2319 seg
  Melhor rota: [47, 8, 57, 1, 53, 39, 43, 94, 68, 77, 36, 19, 2, 84, 6, 60, 24, 18, 21, 48, 41, 30, 91, 62, 71, 10, 46, 44, 22, 89, 90, 97, 58, 93, 52, 15, 37, 87, 83, 78, 5, 33, 95, 11, 26, 38, 75, 81, 49, 70, 99, 51, 88, 7, 98, 20, 23, 35, 69, 55, 16, 14, 76, 50, 54, 86, 32, 40, 34, 92, 66, 79, 96, 3, 25, 65, 0, 31, 85, 59, 61, 29, 42, 28, 13, 72, 80, 56, 45, 82, 4, 67, 63, 9, 73, 17, 64, 74, 27, 12]

--- Mann-Whitney ---
  Estatística U: 0.0000
  p-valor      : 0.000003
  Significativo: True
