INSTÂNCIA: eiL101 (101 cidades)
============================================================

--- GA ---
  Melhor   : 1450.3394
  Pior     : 1872.3887
  Média    : 1623.3291
  Desvio   : 86.5705
  Tempo méd: 4.4601 seg
  Melhor rota: [66, 23, 24, 38, 79, 67, 2, 77, 68, 32, 78, 80, 61, 51, 29, 9, 62, 89, 31, 69, 0, 26, 27, 92, 93, 94, 98, 4, 18, 6, 47, 46, 37, 41, 86, 56, 40, 21, 3, 11, 25, 75, 87, 30, 10, 63, 48, 60, 85, 16, 83, 99, 43, 90, 42, 13, 39, 20, 59, 35, 81, 12, 100, 52, 14, 95, 96, 15, 36, 84, 82, 44, 74, 54, 73, 55, 53, 28, 33, 8, 34, 70, 19, 65, 64, 50, 49, 76, 5, 57, 1, 91, 97, 45, 7, 17, 88, 58, 72, 71, 22]

--- PSO ---
  Melhor   : 1818.1453
  Pior     : 2406.7274
  Média    : 2092.0678
  Desvio   : 126.7508
  Tempo méd: 9.4741 seg
  Melhor rota: [75, 78, 77, 70, 34, 73, 49, 8, 31, 61, 10, 97, 12, 13, 14, 36, 15, 90, 42, 99, 93, 20, 55, 22, 100, 81, 45, 30, 18, 95, 4, 86, 91, 98, 80, 28, 54, 33, 2, 29, 65, 64, 46, 47, 62, 76, 89, 63, 32, 19, 50, 82, 44, 9, 88, 59, 58, 72, 3, 53, 23, 24, 79, 25, 1, 66, 38, 74, 71, 41, 43, 37, 85, 60, 84, 94, 96, 0, 57, 21, 40, 39, 52, 5, 56, 92, 83, 35, 48, 16, 7, 87, 17, 6, 51, 68, 67, 69, 11, 27, 26]

--- Mann-Whitney ---
  Estatística U: 2.0000
  p-valor      : 0.000000
  Significativo: True
