INSTÂNCIA: berlin52 (52 cidades)
============================================================

--- GA ---
  Melhor   : 11482.2569
  Pior     : 13694.7173
  Média    : 12496.2624
  Desvio   : 658.5227
  Tempo méd: 2.7389 seg
  Melhor rota: [50, 11, 27, 12, 25, 46, 13, 51, 26, 28, 19, 23, 14, 37, 36, 48, 34, 21, 20, 2, 16, 6, 1, 41, 29, 22, 30, 0, 44, 17, 18, 7, 40, 9, 8, 32, 42, 38, 33, 31, 49, 15, 35, 39, 4, 45, 43, 47, 3, 5, 24, 10]

--- PSO ---
  Melhor   : 11629.3458
  Pior     : 14806.6218
  Média    : 13049.8148
  Desvio   : 774.7899
  Tempo méd: 3.3017 seg
  Melhor rota: [27, 25, 12, 26, 10, 51, 13, 11, 50, 32, 8, 9, 18, 42, 38, 35, 0, 1, 6, 41, 2, 40, 7, 44, 14, 23, 4, 37, 39, 31, 48, 21, 16, 20, 29, 30, 17, 49, 28, 19, 22, 15, 43, 34, 33, 36, 47, 24, 3, 5, 45, 46]

--- Mann-Whitney ---
  Estatística U: 267.0000
  p-valor      : 0.006972
  Significativo: True
